"tratamento","bloco","colheita","n_frutos","n_frutos_cum","peso","comprimento","largura"
1,1,1,1,1,332,70,91.5
1,1,2,4.5,5.5,1666.5,72,88.7777777777778
1,1,3,0.5,6,113,64,78
1,1,4,6.5,12.5,1896.5,70.4615384615385,85.8461538461538
1,1,5,4.5,17,1126,66.8888888888889,79.2222222222222
1,2,1,0,0,0,0,0
1,2,2,0.5,0.5,212.465,69,101
1,2,3,4,4.5,922,65.375,78.625
1,2,4,6.5,11,2242.5,73.1538461538462,93.2307692307692
1,2,5,4,15,1159.5,69.875,84.625
1,3,1,0,0,0,0,0
1,3,2,1,1,268,65,85.5
1,3,3,2,3,338.5,52.5,69.5
1,3,4,10.5,13.5,2745,65.2380952380952,83.6666666666667
1,3,5,2.5,16,788.5,68.2,90.6
2,1,1,1,1,213.5,56,78
2,1,2,1.5,2.5,509.5,68.3333333333333,91.6666666666667
2,1,3,5.5,8,1455.5,64.9090909090909,84.0909090909091
2,1,4,6.5,14.5,2065.5,73.6923076923077,89.5384615384615
2,1,5,4.5,19,1265.5,69.2222222222222,84.5555555555556
2,2,1,1,1,351,68,90
2,2,2,2,3,942,78.5,105.5
2,2,3,3,6,652.5,63.1666666666667,77.6666666666667
2,2,4,8.5,14.5,2396,69.9411764705882,83.6470588235294
2,2,5,5,19.5,1408.5,70.3,83.2
2,3,1,1.5,1.5,668.5,74.6666666666667,102
2,3,2,1,2.5,353,75,92.5
2,3,3,2.5,5,720,69.6,85.6
2,3,4,8,13,2507,71.375,87.6875
2,3,5,4.5,17.5,1012,66.3333333333333,74.1111111111111
3,1,1,2,2,823.5,78.5,93.25
3,1,2,2,4,650.5,67.5,90
3,1,3,2.5,6.5,493.5,57,73.6
3,1,4,8.5,15,2537.5,69.7647058823529,88.2941176470588
3,1,5,3.5,18.5,818.5,62.8571428571429,77.5714285714286
3,2,1,0,0,0,0,0
3,2,2,0,0,0,0,0
3,2,3,1.5,1.5,313.5,61,76.3333333333333
3,2,4,11.5,13,2942,65.6521739130435,79.9565217391304
3,2,5,3.5,16.5,1066.5,69.1428571428571,87.8571428571429
3,3,1,0.5,0.5,191,69,102
3,3,2,1,1.5,352,68,95.5
3,3,3,1.5,3,523.5,67,90.3333333333333
3,3,4,6,9,1549,65,83.1666666666667
3,3,5,5,14,1604,67,91.1
4,1,1,1.5,1.5,624.5,75.6666666666667,101
4,1,2,0.5,2,195.5,75,97
4,1,3,2,4,527.5,66.25,82.25
4,1,4,8,12,2267.5,66.5,85.625
4,1,5,4,16,1069,66.625,81.875
4,2,1,1.5,1.5,399,63,92
4,2,2,1,2.5,305,66,90
4,2,3,2,4.5,434.5,61.25,79.25
4,2,4,4.5,9,1258,68.3333333333333,85.3333333333333
4,2,5,5.5,14.5,1285.5,64,78.0909090909091
4,3,1,0.5,0.5,259,77,118
4,3,2,1.5,2,539,73.6666666666667,105.333333333333
4,3,3,0.5,2.5,117.5,63,82
4,3,4,3.5,6,1151.5,70.2857142857143,90
4,3,5,3,9,695,64.1666666666667,75.8333333333333
5,1,1,1.5,1.5,483,72,90
5,1,2,1.5,3,578,74,95.6666666666667
5,1,3,1.5,4.5,363.5,65.6666666666667,78.3333333333333
5,1,4,7,11.5,1593.5,64.5,75.2142857142857
5,1,5,0,11.5,0,0,0
5,2,1,2.5,2.5,1096.5,76.6,104.4
5,2,2,2.5,5,897.5,69.4,93.2
5,2,3,1.5,6.5,367,62.6666666666667,76.6666666666667
5,2,4,6.5,13,2152.5,73.3076923076923,86.8461538461538
5,2,5,3.5,16.5,1082.5,71,88.2857142857143
5,3,1,1.5,1.5,521,70,90
5,3,2,2.5,4,973.5,74.8,96.4
5,3,3,0.5,4.5,143,66,92
5,3,4,6,10.5,1987.5,69.8333333333333,89.6666666666667
5,3,5,7,17.5,2178.5,69.9285714285714,86.9285714285714
6,1,1,2.5,2.5,802.5,67,91.2
6,1,2,3,5.5,759,62.6666666666667,81.6666666666667
6,1,3,4,9.5,908,59.5,78
6,1,4,6.5,16,1942,67.6153846153846,84.3846153846154
6,1,5,6.5,22.5,1720,67.5384615384615,81.9230769230769
6,2,1,1.5,1.5,601.5,70,96
6,2,2,2,3.5,757.5,70.75,96.25
6,2,3,2,5.5,467,63,79
6,2,4,5,10.5,1453,67.1,85.3
6,2,5,7.5,18,1849.5,65.4666666666667,79.8
6,3,1,1.5,1.5,593.5,73,108
6,3,2,1,2.5,473,73,106
6,3,3,3,5.5,564,59.6666666666667,73.3333333333333
6,3,4,5,10.5,1775,71.8,92.2
6,3,5,1,11.5,394,79,98
7,1,1,3,3,860,75,91
7,1,2,0,3,0,0,0
7,1,3,3,6,1045,73.3333333333333,93.3333333333333
7,1,4,9,15,2266,68.6666666666667,79.5555555555556
7,1,5,4,19,1105,67.5,80
7,2,1,0,0,0,0,0
7,2,2,3,3,765,66,83.3333333333333
7,2,3,1,4,158,55,69
7,2,4,3,7,1115,76.6666666666667,92
7,2,5,5,12,1249,61.6,80.6
7,3,1,1,1,336,73,94
7,3,2,0,1,0,0,0
7,3,3,2,3,672.5,67.5,90
7,3,4,3.5,6.5,1080,69.2857142857143,88
7,3,5,7,13.5,2185,63.7142857142857,90.7142857142857
8,1,1,1,1,430,72,101
8,1,2,1,2,322,69,95
8,1,3,4,6,880,63.5,78.25
8,1,4,12,18,2769,73.1,87.6
8,1,5,3,21,899,72.6666666666667,86.6666666666667
8,2,1,0.5,0.5,149,70,87
8,2,2,1,1.5,347,69,92.5
8,2,3,1.5,3,500,69.6666666666667,90
8,2,4,6.5,9.5,1787.5,69.0769230769231,85.1538461538462
8,2,5,4.5,14,1065,62.5555555555556,77.8888888888889
8,3,1,2,2,633.5,68,95
8,3,2,0.5,2.5,231.5,70,110
8,3,3,2,4.5,451,59.75,79.75
8,3,4,4.5,9,1320,70,88.2222222222222
8,3,5,7.5,16.5,1719,63.3333333333333,79.2666666666667
9,1,1,4,4,1552.5,73.375,96
9,1,2,0,4,0,0,0
9,1,3,1,5,253.5,61.5,80
9,1,4,7.5,12.5,2255,71.0666666666667,85.6
9,1,5,10.5,23,2578.5,65.2857142857143,79.5238095238095
9,2,1,1,1,405,67.5,110
9,2,2,1,2,401,75.5,98.5
9,2,3,1,3,394,68.5,98
9,2,4,5,8,1765,76.6,91.2
9,2,5,6.5,14.5,2060.5,68.0769230769231,88.6153846153846
9,3,1,3,3,1177.5,73.5,96.5
9,3,2,0.5,3.5,190.5,76,93
9,3,3,1,4.5,208,63.5,76.5
9,3,4,10.5,15,3391,69.8095238095238,88.0476190476191
9,3,5,3.5,18.5,1017,73,85.1428571428571
10,1,1,2,2,850.5,74,100
10,1,2,1,3,379,70,95
10,1,3,2,5,460.5,64.25,79.5
10,1,4,6,11,2160,75.8333333333333,92.0833333333333
10,1,5,4,15,1146.5,71,83.125
10,2,1,2.5,2.5,1015.5,76,95
10,2,2,1,3.5,340.5,70,86
10,2,3,2,5.5,406,63.5,73.75
10,2,4,6.5,12,2537,76.8461538461538,101.5
10,2,5,3,15,935.5,73.6666666666667,85.5
10,3,1,2,2,642,68.5,92.5
10,3,2,0,2,0,0,0
10,3,3,3,5,793,65.3333333333333,83.3333333333333
10,3,4,4.5,9.5,1134.5,64.4444444444444,81.4444444444444
10,3,5,3.5,13,1169.5,71.5714285714286,90.4285714285714
11,1,1,4,4,1411,69,95
11,1,2,1,5,226,66,77
11,1,3,2,7,370,60.5,74
11,1,4,12,19,3712,73.9166666666667,85.5833333333333
11,1,5,4,23,685,60.25,65.75
11,2,1,0,0,0,0,0
11,2,2,0,0,0,0,0
11,2,3,1.5,1.5,346.5,60.6666666666667,78.6666666666667
11,2,4,7,8.5,2209,72.7142857142857,88.8571428571429
11,2,5,3,11.5,920,69.6666666666667,87.3333333333333
11,3,1,3,3,1216.5,73.5,101
11,3,2,3.5,6.5,1244,64.5714285714286,81.8571428571429
11,3,3,2.5,9,739,69.2,86.4
11,3,4,5,14,1467,72.3,85.3
11,3,5,5,19,1345,69.1,79.7
12,1,1,0.5,0.5,148.5,77,87
12,1,2,2,2.5,802.5,72.25,96.5
12,1,3,2.5,5,785.5,71.2,89.6
12,1,4,4.5,9.5,1599.5,73,93
12,1,5,5,14.5,1552,69.9,92
12,2,1,1,1,366.5,65.5,100.5
12,2,2,1,2,279,63.5,86
12,2,3,2,4,687.5,68.5,91
12,2,4,6.5,10.5,2048,71.6153846153846,87.6923076923077
12,2,5,5,15.5,1340,70.1,81.9
12,3,1,0,0,0,0,0
12,3,2,2,2,676,74.5,91
12,3,3,3,5,944.5,69.3333333333333,91.8333333333333
12,3,4,6.5,11.5,1958,72.5384615384615,86.8461538461538
12,3,5,4.5,16,1175,66.1111111111111,80.6666666666667
